"dep","Annee.mutation","Valeur.fonciere","ID.maisons","ID.appartements","valeursfoncières.maisons_sum","valeursfoncières.appartements_sum","valeursfoncières.maisons.moyenne","valeursfoncières.appartements.moyenne","valeursfoncières.maisons.médian","valeursfoncières.appartements.médian","prix_m2.maisons.moyenne","prix_m2.appartements.moyenne","prix_m2.maisons.median","prix_m2.appartements.median"
"01",2019,1308123759.48,4461,558,1196107296.83,112016462.65,268125.374765748,200746.348835125,228200,158750,2260.36242441796,2135.81836564304,2049.41860465116,1876.89393939394
"01",2020,1432788344.69,4513,726,1277861972.31,154926372.38,283151.334436074,213397.207134986,241480,171900,2360.97181185676,2262.98332431965,2140.74074074074,2036.86787749288
"01",2021,1949217477.78,5531,1218,1690546870.79,258670606.99,305649.407121678,212373.240550082,265000,166202.5,2507.21885238005,2393.36521423263,2312.5,2079.29487179487
"01",2022,2257939515.77,5393,2658,1691959776.62,565979739.15,313732.574934174,212934.439108352,275000,169000,2644.41195108492,2740.36976345527,2487.5,2407.52723311547
"02",2019,607736635.25,4681,261,573180596.18,34556039.07,122448.322191839,132398.617126437,115000,110200,1156.37309764348,1288.15075884766,1069.71544715447,1156.52173913043
"02",2020,688562401.49,5002,319,645422133.71,43140267.78,129032.813616553,135235.949153605,120000,115000,1193.92628105375,1270.81012800029,1111.11111111111,1181.15942028986
"02",2021,889515314.42,6127,513,824003300.86,65512013.56,134487.236960992,127703.730136452,123595,105000,1234.06522432556,1287.39908474458,1153.84615384615,1218.3908045977
"02",2022,885468706.43,5748,764,796020963.49,89447742.94,138486.597684412,117078.197565445,125500,95000,1275.18837860555,1383.74160424393,1194.02985074627,1306.85736677116
"03",2019,327498216.83,2210,313,285049715.41,42448501.42,128981.771678733,135618.215399361,114450,118000,1206.2717000085,1237.94318124102,1117.91443850267,1125
"03",2020,384781383.24,2504,387,336892921.89,47888461.35,134541.901713259,123742.794186047,119750,102500,1203.04460607042,1256.61288169348,1111.11111111111,1147.54098360656
"03",2021,497436669.2,3118,596,425819390.61,71617278.59,136568.117578576,120163.219110738,120000,99615,1241.97028610303,1302.46935512562,1140.12738853503,1200
"03",2022,569935235.16,3174,1159,446708082.85,123227152.31,140739.786657215,106321.960578085,125250,85000,1272.37573328805,1357.88437531528,1167.61473820297,1275.86206896552
"04",2019,319908362.44,1340,328,271017837.34,48890525.1,202252.11741791,149056.478963415,189050,130250,2014.14524942597,1636.24771216808,1955.78996865204,1466.06334841629
"04",2020,363934177.64,1468,392,308117774.27,55816403.37,209889.492009537,142388.784107143,195000,131300,2076.74486489554,1737.00066256661,2034.35393258427,1619.90171990172
"04",2021,531854962.29,1944,664,434382763.04,97472199.25,223447.923374486,146795.480798193,210000,115900,2145.56450739952,1774.94554756064,2090.45454545455,1601.53409090909
"04",2022,640236460.67,1901,1419,459511518.24,180724942.43,241720.94594424,127360.776906272,220000,98939.73,2295.02869334765,1985.94737499192,2239.4224137931,1862.03703703704
"05",2019,276742153.67,874,430,199418621.58,77323532.09,228167.759244851,179822.167651163,220000,150000,2244.37372043666,2183.41106598052,2201.0101010101,1903.96825396825
"05",2020,313279176.24,920,510,224340259.01,88938917.23,243848.107619565,174390.033784314,231201,145000,2369.23887722607,2200.00587321249,2304.70588235294,2024.26900584795
"05",2021,433300016.64,1089,920,283730740.19,149569276.45,260542.461147842,162575.30048913,240705,137975,2398.74329951736,2308.06957086027,2290.35087719298,2144.28571428571
"05",2022,601968276.35,1121,2160,294360315.77,307607960.58,262587.257600357,142411.092861111,247000,118380,2566.19059654402,2610.83710126197,2484.375,2488.54166666667
"06",2019,2642963931.09,3366,2268,1994737945.12,648225985.97,592613.768603684,285813.926794533,464985,215000,3703.2303743205,3842.79564917649,3333.33333333333,3622.91495761553
"06",2020,2970472833.93,3553,2770,2191344067.46,779128766.47,616758.814370954,281273.922913357,480000,219000,3732.81761307376,4021.43727659281,3363.63636363636,3805.39971949509
"06",2021,4736151853.69,4508,5521,3161846770.59,1574305083.1,701385.707761757,285148.53886977,530000,230000,3986.99561896565,4297.1978108737,3635.82887700535,4098.36065573771
"06",2022,8337606581.42,4481,18816,3283582764.38,5054023817.04,732779.014590493,268602.456262755,550000,223000,4253.04904243495,4631.43026359184,3977.27272727273,4444.44444444444
"07",2019,513519639.46,2438,362,458299138.46,55220501,187981.599040197,152542.820441989,175000,129000,1838.50244816998,1638.72042862867,1753.68107769424,1428.57142857143
"07",2020,569380128.15,2647,375,511318878.15,58061250,193169.20217227,154830,180200,134450,1908.38398552051,1643.0593938364,1824.17582417582,1451.61290322581
"07",2021,818558746.34,3446,660,718431281.19,100127465.15,208482.670107371,151708.280530303,192000,124000,1984.42480302866,1686.15357536159,1895.79241836036,1533.04701627486
"07",2022,909028760.96,3398,1085,751791169.29,157237591.67,221245.194022955,144919.439327189,207030,123000,2090.5044977727,1756.49276649952,2010.58222643896,1600
"08",2019,264607252.25,1881,187,238245118.96,26362133.29,126658.755427964,140973.974812834,120000,112700,1193.63047208747,1161.34224690495,1116.07142857143,1039.0625
"08",2020,284666499.02,2001,196,259625059.02,25041440,129747.655682159,127762.448979592,123000,1e+05,1223.64674189552,1183.61350940264,1153.84615384615,1044.84265734266
"08",2021,369771617.47,2391,352,323656389.47,46115228,135364.445616897,131009.170454545,130000,106000,1280.35993024856,1192.49565790619,1188.11881188119,1113.24786324786
"08",2022,393621810.6,2298,596,326514888.6,67106922,142086.548563969,112595.506711409,130000,88950,1326.1673971522,1213.76007835596,1245.95827900913,1162.38839285714
"09",2019,223123142.85,1493,132,205668393.85,17454749,137755.119792364,132232.946969697,128000,110000,1371.58071352903,1288.41169293115,1275.5905511811,1074.17582417582
"09",2020,268822474.73,1711,160,248388412.05,20434062.68,145171.485710111,127712.89175,131600,1e+05,1419.08584126138,1322.84831715109,1335.22727272727,1116.66666666667
"09",2021,352203714.2,2205,219,324091349.44,28112364.76,146980.203827664,128366.962374429,131750,110000,1451.28686119153,1370.5049501398,1353.26086956522,1198.6301369863
"09",2022,383381033.2,2137,408,341214138.68,42166894.52,159669.695217595,103350.231666667,145000,85000,1556.79045106183,1529.31205316152,1461.53846153846,1383.91353172375
"10",2019,364160242.98,2165,249,328108169.98,36052073,151551.117773672,144787.441767068,140000,113000,1448.6915679493,1560.55352775901,1406.8275862069,1509.25925925926
"10",2020,412745810.85,2326,299,371050984.93,41694825.92,159523.209342218,139447.578327759,146950,112000,1479.39171712142,1629.24169304517,1406.25,1545.45454545455
"10",2021,555717943.78,2869,592,477412139.48,78305804.3,166403.673572673,132273.318074324,151000,113925,1554.8835415272,1709.63729994439,1461.53846153846,1698.21428571429
"10",2022,612388573.19,2696,1279,466898848.19,145489725,173182.065352374,113752.71696638,160000,95000,1608.72991020004,1770.5666146428,1525.21186440678,1727.27272727273
"11",2019,637851690.83,3243,421,575800852.33,62050838.5,177551.912528523,147389.165083135,159300,121000,1717.4147947916,1735.09240675261,1616.16161616162,1582.92682926829
"11",2020,702570935.61,3600,442,639668101.23,62902834.38,177685.583675,142314.104932127,162500,124000,1731.64563711646,1806.16827785378,1641.2436440678,1601.0752688172
"11",2021,990869087.8,4702,797,885864965.81,105004121.99,188401.736667376,131749.212032622,170100,105000,1788.66974817095,1832.19996258876,1689.89800874211,1658.53658536585
"11",2022,1211084883.46,5088,1736,995195966.11,215888917.35,195596.691452437,124359.975432028,175000,97500,1906.32869095126,2056.11014059043,1800.73529411765,1932.57575757576
"12",2019,287704947.74,1510,305,247399317.6,40305630.14,163840.607682119,132149.607016393,150000,118000,1608.35089162692,1506.80350628169,1500,1418.60465116279
"12",2020,333322627.36,1754,362,285143469.47,48179157.89,162567.542457241,133091.596381215,150000,111500,1611.07709349037,1548.46967168115,1487.7387957497,1482.40740740741
"12",2021,444186075.59,2201,546,370103389.72,74082685.87,168152.380608814,135682.57485348,155000,120450,1656.86477104886,1677.37569213746,1555.10204081633,1612.00716845878
"12",2022,538999655.65,2200,1241,379035270.52,159964385.13,172288.759327273,128899.585116841,155195,115603,1701.2789053619,1846.28213786874,1579.79626485569,1791.0447761194
"13",2019,4014380950.94,8556,3438,3237484710.78,776896240.16,378387.647356241,225973.310110529,330000,177500,3383.99979451699,3003.19517118218,3291.4644012945,2789.2882311487
"13",2020,4367968122.19,8544,4241,3397519813.15,970448309.04,397649.790864934,228825.349926904,342125,180000,3514.37339245977,3187.65007118002,3404.17683990234,2964.28571428571
"13",2021,6041290926.68,10382,7106,4412912357.52,1628378569.16,425054.166588326,229155.441761891,360000,182425,3693.34941504296,3314.91207824805,3598.01960784314,3125
"13",2022,7985686081.06,9662,16567,4310784937.01,3674901144.05,446158.656283378,221820.55556528,378327.5,185000,3933.92980352544,3512.45482744733,3856.90476190476,3402.77777777778
"14",2019,1055080515.38,3805,506,962154771.32,92925744.06,252865.90573456,183647.715533597,213000,144250,2441.71205118869,2905.05127360559,2244.89795918367,2685.02012650949
"14",2020,1261143095.27,4109,674,1136353946.67,124789148.6,276552.432871745,185147.104747774,225000,150000,2526.27661110314,3000.12247403343,2346.9387755102,2819.29347826087
"14",2021,1687757311.63,5005,1181,1467131267.08,220626044.55,293133.120295704,186812.908171041,241000,150000,2634.63846087795,3136.85424744721,2462.2641509434,2990.19607843137
"14",2022,2003778230.84,4983,3116,1479210517.61,524567713.23,296851.398276139,168346.506171374,250000,144650,2771.60362659069,3190.25361414305,2605.625,3092.80792420327
"15",2019,125202933.42,855,102,113726565.57,11476367.85,133013.526982456,112513.410294118,124000,105000,1293.02149814382,1261.31734160271,1205.35714285714,1170.32307692308
"15",2020,140908429.65,889,150,122221681.77,18686747.88,137482.206715411,124578.3192,129000,105300,1345.6537986753,1282.80021876708,1228.13186813187,1227.08674304419
"15",2021,190888370.61,1178,269,163122423.11,27765947.5,138474.043387097,103219.135687732,130000,87750,1368.6819745779,1309.39683312601,1275.83156404812,1210.52631578947
"15",2022,237762257.16,1228,564,181110054.06,56652203.1,147483.75737785,100447.168617021,138215,85740,1459.25941849537,1399.22579918202,1388.88888888889,1291.77927927928
"16",2019,515861197.44,3434,150,492682362.7,23178834.74,143471.858677927,154525.564933333,126825,123000,1247.06053091311,1489.67754945726,1176.47058823529,1350.88734567901
"16",2020,578022757.84,3700,173,554319620.84,23703137,149816.113740541,137012.352601156,135000,113000,1274.85350114184,1390.88294756834,1197.91666666667,1280.89887640449
"16",2021,774048821.26,4731,230,741641438.34,32407382.92,156762.088002536,140901.664869565,138650,120000,1333.60451990977,1539.32764939633,1250,1478.5373608903
"16",2022,900464310.87,5027,478,842354124.34,58110186.53,167565.968637358,121569.427887029,150000,90200,1412.13789840675,1601.20216610808,1333.33333333333,1566.03115554522
"17",2019,1584071710.54,4908,491,1477322654.57,106749055.97,301002.985853708,217411.519287169,253000,185000,3092.93365655696,3580.31192918308,2813.68406125922,3444.44444444444
"17",2020,1792370538.11,5448,548,1668102896.19,124267641.92,306186.287846916,226765.769927007,260053.5,190000,3133.59895854937,3758.07137987105,2869.93150684932,3680.97722960152
"17",2021,2528885736.09,7095,1035,2289677537.68,239208198.41,322717.059574348,231119.032280193,277815,188000,3279.11808200081,3877.22970996511,3023.56589147287,3816.66666666667
"17",2022,2834710069.96,7038,2324,2339822057.56,494888012.4,332455.535316851,212946.649053356,288000,184300,3435.88565838695,4064.96520813189,3202.41582278481,4000
"18",2019,319926107.25,2340,170,298512889.68,21413217.57,127569.610974359,125960.103352941,112000,99195,1217.7286272629,1369.82089993941,1111.11111111111,1273.61853832442
"18",2020,350240462.7,2465,229,322267275.76,27973186.94,130737.231545639,122153.654759825,118000,98000,1237.12888839234,1410.47887053714,1140.35087719298,1358.49056603774
"18",2021,486551935.6,3305,363,444355874.1,42196061.5,134449.583691377,116242.593663912,116208,90000,1262.1000774429,1448.38605321592,1158.48192771084,1381.44329896907
"18",2022,544764471.61,3396,711,473164620.8,71599850.81,139329.982567727,100703.025049226,124900,83000,1320.10469805626,1431.63969801208,1212.12121212121,1400
"19",2019,258850138.97,1682,215,232639067.24,26211071.73,138310.979334126,121911.961534884,125762.5,110000,1335.24932737798,1331.12361289265,1224.02597402597,1250
"19",2020,296173946.77,1816,249,266560124.24,29613822.53,146784.20938326,118931.014176707,132000,110000,1368.07117679406,1372.31321469372,1270.66256830601,1285.71428571429
"19",2021,395812863.15,2314,374,348784673.93,47028189.22,150728.035406223,125743.82144385,137500,111950,1419.32962080013,1474.95663404535,1305.47496025437,1396.32749326146
"19",2022,470150350.94,2433,715,387150956.9,82999394.04,159124.930908344,116083.068587413,142000,98000,1460.73084338607,1520.02290495139,1371.6814159292,1500
"21",2019,744127880.71,2876,527,655575945.65,88551935.06,227947.129920028,168030.237305503,203650,125000,2172.51120205076,2324.13394544451,2069.20498084291,2179.48717948718
"21",2020,841529907.35,3096,702,724580985.02,116948922.33,234037.785859173,166593.906452991,213240,126000,2236.5188035886,2401.08684393377,2125,2300
"21",2021,1110017880.14,3458,1377,881997943.36,228019936.78,255060.13399653,165591.820464779,231106,133300,2328.33222792745,2579.17717251008,2230.31618610747,2500
"21",2022,1497141087.93,3520,3598,915352425.97,581788661.96,260043.302832386,161697.793763202,237000,137850,2451.99250241052,2675.15545624626,2367.39952718676,2647.11431742508
"22",2019,952049975.58,4924,308,902161723.58,49888252,183217.2468684,161974.844155844,160000,140000,1766.75283422227,1951.83275640937,1638.88888888889,1730.04626951995
"22",2020,1101459507.51,5364,373,1041018133.96,60441373.55,194074.969045488,162041.215951743,170000,135000,1821.97739753639,1941.03140585678,1686.44024514811,1768.11594202899
"22",2021,1576027019.03,7099,733,1466542244.63,109484774.4,206584.342108748,149365.312960437,180000,130000,1910.3050217612,2155.1359757731,1781.25,1985.29411764706
"22",2022,1774792219.2,6957,1607,1544888043.91,229904175.29,222062.389522783,143064.203665215,193000,120000,2029.46142869563,2212.90938848369,1892.01388888889,2105.26315789474
"23",2019,98045648.82,994,48,93728128.82,4317520,94293.8921730382,89948.3333333333,81240.5,80500,887.662006360725,884.307373587422,809.251559251559,796.035714285714
"23",2020,111803145.06,1151,51,105242406.06,6560739,91435.6264639444,128641.941176471,79628,115315,880.841276098749,969.42210172513,806.451612903226,916.030534351145
"23",2021,158204576.75,1562,104,147312055.75,10892521,94309.8948463508,104735.778846154,80000,88500,919.809259930468,908.733226862142,828.995848469123,851.961428884506
"23",2022,170265228.28,1599,160,158162129.28,12103099,98913.1515196998,75644.36875,85000,65000,960.468150541811,910.367859365656,882.352941176471,902.432575356954
"24",2019,674328726.49,3890,259,640692091.51,33636634.98,164702.3371491,129871.177528958,140000,110000,1334.69424184959,1382.54056115741,1210.52631578947,1265
"24",2020,808929270.38,4403,312,762131134.38,46798136,173093.603084261,149994.025641026,147500,124850,1337.96807402378,1460.41203127698,1222.22222222222,1333.7
"24",2021,1208633366.47,6162,447,1145391390.75,63241975.72,185879.810248296,141480.930022371,159500,117690,1407.3182268662,1516.31273674998,1283.46040189125,1446.95652173913
"24",2022,1332111398.43,6239,890,1223258927.83,108852470.6,196066.505502484,122306.146741573,170000,100520,1482.88221603403,1657.61129291567,1377.34375,1603.99122807018
"25",2019,718282588.37,2883,769,588084088.92,130198499.45,203983.381519251,169308.841937581,192000,143200,1829.35703732836,1710.60037536237,1735.58558558559,1570.2479338843
"25",2020,794311343.84,2985,1004,623709012,170602331.84,208947.742713568,169922.6412749,194000,145000,1874.36818922107,1882.56554098159,1777.77777777778,1805.55555555556
"25",2021,1034842479.93,3369,1683,753796694.97,281045784.96,223744.937658059,166990.959572193,212000,147200,1973.63974653621,1964.92044858196,1884.61538461538,1888.37209302326
"25",2022,1340504857.61,3309,3621,785622431.68,554882425.93,237419.89473557,153240.106581055,223000,133550,2094.41909752468,2151.49403163191,2009.70873786408,2115.38461538462
"26",2019,1046224242.38,4274,697,934456687.78,111767554.6,218637.502990173,160355.171592539,204050,140000,1811.37011569147,1583.39621994674,1800.17341040462,1471.42857142857
"26",2020,1119145584.82,4236,839,982434597.32,136710987.5,231925.070188857,162945.157926102,217093,135350,1887.55093109432,1682.4081565319,1877.34763681592,1582.27848101266
"26",2021,1525636159.15,5178,1416,1299245918.28,226390240.87,250916.554322132,159880.113608757,230000,134000,2041.55107625872,1785.98762497003,2040.37037037037,1684.21052631579
"26",2022,1731814406.46,4974,2764,1317226378.9,414588027.56,264822.352010454,149995.668437048,245000,130000,2217.8720770924,1928.00753776376,2230.76923076923,1846.15384615385
"27",2019,1061174409.19,5845,260,1019242489.79,41931919.4,174378.52691018,161276.613076923,160500,130000,1496.88432903555,1773.8217472314,1431.81818181818,1666.66666666667
"27",2020,1248597232.05,6561,255,1212608354.67,35988877.38,184820.660672154,141132.852470588,170000,116900,1522.75000456974,1668.0092609874,1433.23355932203,1575.34246575342
"27",2021,1621996045.03,7791,510,1550655554.03,71340491,199031.646005648,139883.315686275,181500,117850,1614.15348050983,1807.84054584456,1520,1735.06493506494
"27",2022,1652028623.85,7212,1082,1511238485.11,140790138.74,209544.992389074,130120.276099815,190000,110000,1715.33978935606,1937.09335352989,1646.70902341519,1891.25844594595
"28",2019,741209809.84,3986,198,707307094.84,33902715,177447.841154039,171225.833333333,165000,147500,1651.16994439695,1872.30205305623,1574.07407407407,1914.96598639456
"28",2020,854295316.17,4374,246,817035177.17,37260139,186793.59331733,151463.979674797,170000,120000,1670.19623325088,1971.64631012473,1584.66423541247,1956.5661641541
"28",2021,1129688596.39,5321,513,1057398226.39,72290370,198721.711405751,140916.900584795,180000,120000,1747.07913838897,1998.32916684294,1654.05405405405,1973.68421052632
"28",2022,1148176673.52,4937,1121,997357814.29,150818859.23,202016.976765242,134539.571123996,182000,118900,1831.45472300691,2166.61448239864,1742.42424242424,2196.42857142857
"29",2019,1758658781.34,9305,923,1633020367.98,125638413.36,175499.233528211,136119.624442037,159000,114000,1595.0915380286,1641.96097532948,1500,1500
"29",2020,2003716729.51,9803,1143,1847605521.7,156111207.81,188473.479720494,136580.234304462,170000,115580,1668.94350034279,1763.6091768229,1578.94736842105,1636.36363636364
"29",2021,2711739196.56,11463,2111,2399180768.14,312558428.42,209297.807566955,148061.785135007,188761,125900,1815.2294080204,1995.69147617482,1725,1931.81818181818
"29",2022,2957159154.38,10551,4230,2381227687.64,575931466.74,225687.393388304,136154.011049645,207000,120635.13,1995.65858988002,2174.81435684452,1930.55555555556,2112.58802816901
"2A",2019,332419234.84,458,164,288767141.88,43652092.96,630495.942969432,266171.298536585,429000,227540,4030.81575900794,3604.5153136071,3624.58053691275,3454.9062049062
"2A",2020,318371949.43,444,222,260504229.54,57867719.89,586721.237702703,260665.40490991,425000,215000,3964.89176127532,3757.59848740197,3564.19413919414,3471.66666666667
"2A",2021,489395037.31,581,422,381118686.86,108276350.45,655970.201135973,256579.02950237,508000,220000,4249.09243390663,3933.07964517234,3964.89726027397,3716.59433285509
"2A",2022,787881715.19,720,1139,488766026.85,299115688.34,678841.703958333,262612.544635645,513873.5,225000,4605.11682281263,4078.18250830019,4380.77731092437,3828.17073170732
"2B",2019,216767250.65,540,224,168508488.9,48258761.75,312052.757222222,215440.900669643,277250,178500,2891.33766548783,2846.35296631105,2700,2601.71970886257
"2B",2020,228403041.63,508,299,166717548.59,61685493.04,328184.150767717,206305.996789298,280000,179500,3045.95163948282,2880.42515408002,2835.83700250367,2717.39130434783
"2B",2021,323038995.32,645,569,211370695.68,111668299.64,327706.504930233,196253.602179262,290000,162000,3128.18946760695,3016.16231521058,2977.77777777778,2843.10344827586
"2B",2022,490563948.03,691,1208,249695929.81,240868018.22,361354.457033285,199394.054817881,304000,170175,3271.89469671984,3257.58825162934,3150.53191489362,3104.98073747936
"30",2019,1579144701.22,5957,1073,1395902679.3,183242021.92,234329.810189693,170775.416514445,213400,145000,2101.97403367469,1908.68139547567,2049.29078014184,1674.07407407407
"30",2020,1733799818.25,6328,1190,1521803738.81,211996079.44,240487.316499684,178147.965915966,219524,145000,2148.32708989134,1967.77012181669,2090.90909090909,1777.77777777778
"30",2021,2436545895.2,8031,1873,2105827879.24,330718015.96,262212.411809239,176571.284548852,235000,144200,2262.75324401846,2054.71209726653,2216.15384615385,1896.328125
"30",2022,2764717993.71,7893,3652,2188382383.22,576335610.49,277256.098216141,157813.694000548,250000,131000,2454.23455725073,2230.45076234637,2422.22222222222,2092.66547406082
"31",2019,2510675835.81,7665,1220,2211507282.61,299168553.2,288520.193425962,245220.12557377,261156,193000,2468.38696783869,3161.86126639065,2418.63636363636,3157.00280112045
"31",2020,2765681264.93,8039,1559,2388310497.1,377370767.83,297090.495969648,242059.504701732,270000,195250,2517.27599559362,3271.23072491034,2464.72602739726,3214.51612903226
"31",2021,3660365026.65,9856,2798,3026610415.82,633754610.83,307083.037319399,226502.720096498,282000,179000,2598.65842055312,3346.48585465433,2584.44252376837,3282.7818627451
"31",2022,4881804339.05,9685,9072,3122417739.37,1759386599.68,322397.288525555,193935.912663139,293000,162000,2742.8998292322,3232.81878302986,2728.67647058824,3076.92307692308
"32",2019,337783010.71,1792,130,317786708.71,19996302,177336.332985491,153817.707692308,158000,130000,1393.19219349918,1469.4057317669,1279.38848920863,1268.44566353187
"32",2020,359557873.66,1884,124,341658338.66,17899535,181347.3135138,144351.088709677,158250,121825,1398.13128130518,1456.44957685137,1276.51463580667,1379.55357142857
"32",2021,539846712.77,2587,207,511642898.77,28203814,197774.603312717,136250.309178744,170833.33,120000,1460.05619985034,1513.64335260012,1333.33333333333,1428.57142857143
"32",2022,557568967.44,2506,358,514973063.39,42595904.05,205496.034872306,118982.972206704,178150,101500,1548.09089487533,1517.11309487911,1436.69489714514,1432.86099865047
"33",2019,3589565545.96,7870,1303,3143694081.77,445871464.19,399452.869348158,342188.383875672,338725,257570,3820.27762279696,4581.25863565261,3550.6345177665,4444.44444444444
"33",2020,3954978327.47,8470,1598,3432318813.22,522659514.25,405232.445480519,327071.03520025,349000,255000,3887.01618076813,4739.4373242996,3629.06149609097,4634.74692959695
"33",2021,5756195834.68,11226,2886,4853740953.33,902454881.35,432366.021141101,312700.929088704,370000,250000,4050.08262426237,4732.96012690435,3800,4646.26281781149
"33",2022,6944851748.46,11259,7490,4944320991.21,2000530757.25,439143.884111378,267093.559045394,375460,220000,4177.09752664717,4466.5060004424,3945.65217391304,4245.64792663477
"34",2019,2412801146.37,7329,1531,2100070434.65,312730711.72,286542.561693273,204265.651025474,255000,165000,2679.50889411135,2834.72958140734,2520,2623.76237623762
"34",2020,2641758358.21,7601,1863,2257958052.55,383800305.66,297060.656828049,206011.972979066,262550,161500,2760.65616174631,2939.45547087831,2608.69565217391,2767.85714285714
"34",2021,3725621420.67,9633,3211,3061820014.65,663801406.02,317846.985845531,206727.314238555,280000,168000,2917.92444730612,3071.09641172992,2773.62204724409,2944.44444444444
"34",2022,4974945518.94,9759,9363,3195577099.32,1779368419.62,327449.236532432,190042.552560077,290000,160000,3122.55725769093,3394.421067558,2992.5,3340.90909090909
"35",2019,1707062619.37,5807,795,1545514019.27,161548600.1,266146.722794903,203205.786289308,231000,162000,2486.54466188786,3079.93972100648,2235.77235772358,3000
"35",2020,1931560771.19,6227,1064,1714339131.97,217221639.22,275307.392318934,204155.675958647,240000,170700,2553.81840843853,3217.07465962563,2298.38709677419,3157.89473684211
"35",2021,2596136734.92,7467,2044,2173482398.28,422654336.64,291078.398055444,206778.051193738,251000,176690,2674.27032528523,3373.88669810158,2441.86046511628,3273.08238636364
"35",2022,3423014746.68,7481,5627,2262736541.34,1160278205.34,302464.448782248,206198.365974765,265000,182000,2784.92865353071,3523.47403125243,2583.33333333333,3421.09615384615
"36",2019,221330865.3,2050,73,212711051.3,8619814,103761.488439024,118079.643835616,91894.5,1e+05,1045.08378580443,1108.89669777463,975,1023.25581395349
"36",2020,240431301.67,2090,104,226821592.87,13609708.8,108527.07792823,130862.584615385,95000,121500,1054.40750029582,1158.04683020183,988.052991452991,1079.00207900208
"36",2021,316496609.2,2743,128,302327210.59,14169398.61,110217.721687933,110698.426640625,96000,90000,1083.92143471959,1069.34158551025,984.756097560976,916.666666666667
"36",2022,361952662.93,2897,340,330349644.93,31603018,114031.634425268,92950.0529411765,1e+05,75000,1124.08508340888,1178.29202190333,1028.84615384615,1164.72868217054
"37",2019,956129777.16,3782,379,884892799.72,71236977.44,233974.828059228,187960.362638522,205000,146550,2218.54433070832,2689.18408093737,2079.37668766877,2578.94736842105
"37",2020,1031363798.82,3882,503,936098829.46,95264969.36,241138.286826378,189393.577256461,213000,154090,2273.01173165145,2834.2944840308,2134.80093441871,2750
"37",2021,1384359453.3,4782,805,1229076165.21,155283288.09,257021.364535759,192898.494521739,223925,158600,2342.55159215799,2946.90102976184,2202.45937637242,2900
"37",2022,1625768766.48,4689,2194,1240061089.63,385707676.85,264461.738031563,175801.128919781,235000,150000,2452.65309064247,2898.25242952851,2333.33333333333,2867.88399570354
"38",2019,2256285296.75,8057,1405,2004588858.4,251696438.35,248800.900881221,179143.372491103,229000,150000,2178.92973553731,2194.18256524758,2090.9595959596,2076.92307692308
"38",2020,2404838488.34,7781,2088,2037014704.41,367823783.93,261793.433287495,176160.816058429,242000,150000,2290.73874156142,2271.02322532693,2193.75,2152.28174603175
"38",2021,3255401254.78,9151,3727,2594154069.89,661247184.89,283483.124236695,177420.763319023,261000,152000,2481.56974894173,2461.60380448877,2405.06329113924,2403.61445783133
"38",2022,3813908166.89,7949,8149,2419227969.54,1394680197.35,304343.68719839,171147.404264327,284350,150000,2682.6888095,2624.30584006933,2647.72727272727,2527.27272727273
"39",2019,338532275.93,1760,347,287176497.93,51355778,163168.464732955,147999.360230548,152262.5,133000,1458.99722057233,1347.43395073429,1388.619201726,1222.22222222222
"39",2020,360417183.31,1824,384,303161643.17,57255540.14,166207.041211623,149102.969114583,155000,123750,1464.12969876347,1368.69857478066,1406.0952970297,1223.65886588659
"39",2021,490382311,2214,689,387791088.06,102591222.94,175154.059647696,148898.727053701,160000,125824.4,1545.63095459875,1489.16756559469,1485.96168984518,1351.0989010989
"39",2022,548570469.19,2152,1053,405570513.6,142999955.59,188462.134572491,135802.426961064,175000,115000,1647.30031149114,1537.702201561,1581.46658415842,1422.41379310345
"40",2019,874584340.82,2982,257,819580025.19,55004315.63,274842.39610664,214024.574435798,235000,185000,2595.63982647614,3103.30934942307,2333.36879432624,2941.17647058824
"40",2020,997244742.34,3267,321,931434565.23,65810177.11,285103.937933884,205016.128068536,244000,180000,2662.9624367989,3068.82697397802,2400,2813.33333333333
"40",2021,1400174043.91,4097,664,1268301658.09,131872385.82,309568.381276544,198602.990692771,262000,177250,2794.30354103141,3232.48828802763,2500,3022.04701050717
"40",2022,1534549212.8,3911,1494,1258872467.63,275676745.17,321879.94569931,184522.587128514,276500,161575,2951.19193210397,3211.44319447325,2687.5,2955.38971807629
"41",2019,468867764.74,3074,186,447242882.74,21624882,145492.154437215,116262.806451613,129500,97750,1285.6533275158,1390.18463652194,1200,1345.9837962963
"41",2020,527973256.88,3377,184,505295651.74,22677605.14,149628.561368078,123247.854021739,135000,101600,1299.54793026887,1554.088150734,1205.88235294118,1527.4024024024
"41",2021,736742960.55,4369,304,699841754.91,36901205.64,160183.509935912,121385.544868421,140000,102262.5,1366.51764164002,1548.92453651332,1277.77777777778,1483.24074074074
"41",2022,772569862.63,4112,653,696760620.95,75809241.68,169445.67630107,116093.785114855,150000,101400,1457.26770311952,1708.64053526253,1369.13919413919,1732.14285714286
"42",2019,909655421.28,4091,922,773116690.06,136538731.22,188979.88023955,148089.730173536,179000,125192.5,1649.42717342595,1369.74416616527,1571.42857142857,1220.18422753717
"42",2020,1102156653.29,4652,1284,923956848.87,178199804.42,198614.971812124,138784.8944081,185000,121000,1700.27057746649,1425.39852676007,1611.74442190669,1264.49579831933
"42",2021,1444991432.39,5389,2290,1131089766.62,313901665.77,209888.618782706,137074.963218341,199000,115000,1796.72061266758,1428.44713079169,1713.28671328671,1289.06673901248
"42",2022,1745138391.56,5147,4902,1149542767.2,595595624.36,223342.290110744,121500.535365157,211376,1e+05,1924.44880536319,1504.59251855088,1849.71098265896,1369.08974358974
"43",2019,257081122.43,1570,222,229780605.12,27300517.31,146357.073324841,122975.303198198,138000,108950,1352.43443783647,1268.1944093529,1271.5524360033,1187.5
"43",2020,307192241.98,1770,280,271226971.98,35965270,153235.577389831,128447.392857143,141975,112150,1388.30427483466,1300.02006356995,1281.93473193473,1182.25677830941
"43",2021,393880084.23,2115,493,330877077.31,63003006.92,156443.06255792,127795.145882353,146000,110850,1432.62143195791,1361.86339533418,1326.5306122449,1266.23376623377
"43",2022,422455630.71,2038,719,334987646.71,87467984,164370.778562316,121652.272600834,150000,105050,1497.05400432131,1451.99623769238,1375,1381.81818181818
"44",2019,3347768123.2,11118,1085,3107271921.29,240496201.91,279481.194575463,221655.485631336,244600,178000,2731.01081214516,3188.04898788781,2523.80952380952,3041.66666666667
"44",2020,3659617698.46,11159,1457,3333457325.29,326160373.17,298723.660300206,223857.49702814,262500,176810.94,2880.30476327636,3469.89352362499,2706.42201834862,3409.09090909091
"44",2021,4903577311.65,13313,2790,4266484204.56,637093107.09,320475.039777661,228348.783903226,285000,185000,3040.55207031513,3769.28710264312,2886.20689655172,3777.77777777778
"44",2022,5943174519.39,12784,7381,4323206732.71,1619967786.68,338173.242546151,219478.09059477,3e+05,190000,3214.74596205038,3839.38184434629,3093.2519605363,3782.60869565217
"45",2019,1002977059.75,5028,498,918433701.75,84543358,182663.822941527,169765.779116466,165000,130750,1702.08473017381,1987.01149645373,1612.53802816901,1904.30402930403
"45",2020,1108235569.64,5373,633,1008355492.93,99880076.71,187670.852955518,157788.430821485,170000,129000,1731.41613198784,2093.03164023173,1651.78571428571,2111.84210526316
"45",2021,1523622000.28,6851,1040,1353256835.78,170365164.5,197526.906404904,163812.658173077,178000,135000,1781.35600648542,2240.00356172399,1695,2246.91573926868
"45",2022,1658537288.4,6301,2352,1312387185.98,346150102.42,208282.365653071,147172.662593537,188000,127000,1851.99599437699,2324.53569892544,1753.24675324675,2333.33333333333
"46",2019,281189893.04,1714,130,263575541.04,17614352,153778.028611435,135495.015384615,139541.2,120000,1327.01715044769,1303.05594720465,1215.98302469136,1173.60114777618
"46",2020,321712859.01,1820,177,298674259.24,23038599.77,164106.735846154,130161.580621469,144000,110000,1364.33689137044,1366.75977447325,1250,1236.55913978495
"46",2021,471615227.67,2460,232,440238666.67,31376561,178958.807589431,135243.797413793,155000,116000,1426.91842177103,1378.20365124097,1315.95925297114,1249.78378378378
"46",2022,508307411.38,2421,412,460206563.36,48100848.02,190089.452028088,116749.631116505,166500,1e+05,1489.31500264084,1484.22835564931,1388.88888888889,1440.2380952381
"47",2019,537518509.54,3220,296,496727162.54,40791347,154263.093956522,137808.60472973,136850,120000,1246.84845809968,1285.85273925106,1153.84615384615,1164.41441441441
"47",2020,583909165,3327,297,542547814,41361351,163074.185151788,139263.808080808,143100,120000,1277.45492602392,1316.18804296383,1166.66666666667,1184.21052631579
"47",2021,820966615.75,4344,431,769404353.43,51562262.32,177118.865890884,119634.019303944,155000,1e+05,1339.34739855041,1349.46633113951,1235.26147870717,1296.2962962963
"47",2022,916088039.18,4455,759,822473616.84,93614422.34,184618.095811448,123339.159868248,163200,95000,1426.70879387675,1478.75772875343,1320,1407.40740740741
"48",2019,75869200.44,461,70,66448935.44,9420265,144140.857787419,134575.214285714,135000,120000,1531.67349755762,1517.75037201555,1462.94117647059,1488.95833333333
"48",2020,92837813.86,577,91,82361843.96,10475969.9,142741.497331023,115120.548351648,130000,99000,1544.53247752759,1360.30133207942,1444.44444444444,1205.58620689655
"48",2021,115322915.51,649,139,95263850.51,20059065,146785.594006163,144309.820143885,135000,115000,1590.4691460704,1543.42004042016,1470.58823529412,1377.77777777778
"48",2022,126914200.4,641,197,101050424.8,25863775.6,157644.968486739,131288.201015228,147000,120000,1641.99185665588,1521.11572874075,1525.17985611511,1444.44444444444
"49",2019,1275972077.61,6253,538,1176774319.64,99197757.97,188193.558234447,184382.449758364,170000,150000,1758.21899692277,2178.46468491621,1666.66666666667,2081.98207808833
"49",2020,1473441925.21,6786,609,1358717713.71,114724211.5,200223.653656057,188381.299671593,180000,156000,1827.41202870895,2380.50243343676,1736.84210526316,2415.38461538462
"49",2021,1925581338.86,7985,968,1737567443.39,188013895.47,217603.937807138,194229.230857438,195000,152000,1957.68528486926,2633.63963430836,1852.63157894737,2714.28571428571
"49",2022,2230731153.04,7724,2360,1806448688.33,424282464.71,233874.765449249,179780.705385593,209500,155000,2079.35329421745,2698.04123451371,2000,2717.39130434783
"50",2019,610540309.62,3169,263,567928318.12,42611991.5,179213.732445566,162022.781368821,162500,142500,1869.34312731933,2025.9218066089,1727.27272727273,1931.81818181818
"50",2020,729215749.19,3621,313,680420144.19,48795605,187909.457108534,155896.501597444,170000,135000,1921.67409045008,2205.6245831586,1795.45454545455,2064.51612903226
"50",2021,1026554888.4,4679,483,950295213.54,76259674.86,203097.92980124,157887.525590062,180000,142000,1968.59238619583,2226.76080692206,1829.26829268293,2048.78048780488
"50",2022,1075838481.52,4480,853,951129301.22,124709180.3,212305.64759375,146200.680304807,190000,130000,2063.25365714739,2194.85316457035,1937.63349514563,2045.45454545455
"51",2019,787990473.48,3509,549,689529464.57,98461008.91,196503.124699345,179346.100018215,176000,133000,1820.02079794729,2099.11760683404,1718.7375,2050
"51",2020,863179276.01,3658,649,748000590.41,115178685.6,204483.485623291,177471.010169492,180780,134500,1860.98958875446,2224.34880973812,1753.995621237,2173.91304347826
"51",2021,1129780651.59,4288,1351,908819261.23,220961390.36,211944.790398787,163553.952894152,189900,135000,1940.15123204158,2246.04440437701,1847.82608695652,2193.54838709677
"51",2022,1255364644.82,3902,2562,851329673.96,404034970.86,218177.77395182,157702.955058548,196375,130900,2025.92326810951,2367.31245969071,1927.39708835341,2275.25252525253
"52",2019,114114722.42,872,63,106404623.25,7710099.17,122023.650516055,122382.526507937,115000,105000,1254.12016082166,1253.80585902345,1216.44144144144,1100.62893081761
"52",2020,117124764.13,832,69,107068238.13,10056526,128687.786213942,145746.753623188,120000,115000,1262.79903094596,1289.06146984085,1190.40404040404,1136.09467455621
"52",2021,178701308.68,1198,127,162840685.68,15860623,135927.116594324,124886.795275591,126000,117000,1304.92820345109,1241.68219924013,1264.39144736842,1158.41584158416
"52",2022,194498066.8,1203,255,167305849.27,27192217.53,139073.85641729,106636.147176471,129000,85000,1353.63353740044,1209.60377979078,1302.46913580247,1136.36363636364
"53",2019,355251339.06,2213,158,328744627.06,26506712,148551.571197469,167764,137000,140000,1490.94479392905,1673.09805971406,1411.29032258065,1616.3107678328
"53",2020,424326861.24,2521,198,394399061.01,29927800.23,156445.482352241,151150.506212121,145000,128992.5,1524.88050845516,1663.66409893413,1452.7027027027,1591.37291280148
"53",2021,569275979.75,3245,295,525568623,43707356.75,161962.59568567,148160.531355932,147490,125000,1579.9708500839,1766.63322102151,1500,1707.31707317073
"53",2022,604974125.46,3187,531,533462286.62,71511838.84,167386.974151239,134673.896120527,151000,118900,1652.77789752118,1889.31944102545,1584.50704225352,1860.46511627907
"54",2019,1046000287.24,4922,1071,868287804.48,177712482.76,176409.549874035,165931.356451914,161075,134000,1653.69995322259,1714.31390273944,1596.21509209744,1634.92063492063
"54",2020,1161757266.62,5106,1335,949511166.33,212246100.29,185959.883730905,158985.842913858,169480,132000,1716.92911227551,1750.01367348401,1649.02252567694,1691.17647058824
"54",2021,1533764805.57,5938,2292,1170080978.79,363683826.78,197049.676455035,158675.317094241,180000,131325,1816.96022608769,1837.96387593166,1750,1779.61550435866
"54",2022,1811355851.53,5763,4086,1218853391.94,592502459.59,211496.337313899,145007.944099364,194000,122807.5,1953.66285966178,1973.46865734557,1904.49438202247,1955.61974789916
"55",2019,165825754.01,1229,122,150040563.01,15785191,122083.452408462,129386.81147541,115000,113200,1110.19128324498,1123.16127730542,1020,937.5
"55",2020,182528662.56,1245,145,162501312.56,20027350,130523.142618474,138119.655172414,120000,116000,1149.68114727259,1064.48088225498,1065.21739130435,984.848484848485
"55",2021,224302922.45,1531,205,198867267.45,25435655,129893.70832789,124076.365853659,123000,110000,1179.08022359257,1146.28824835614,1090.90909090909,1077.77777777778
"55",2022,256675413.97,1632,301,224049191.72,32626222.25,137285.043946078,108392.764950166,130000,92000,1218.69108138722,1209.42304724667,1142.39631336406,1136.36363636364
"56",2019,1339442052.25,4395,452,1243910656.31,95531395.94,283028.590741752,211352.645884956,245000,178000,2678.24672719478,2846.00642885089,2457.31707317073,2569.12878787879
"56",2020,1504894450.47,4708,596,1382200876.47,122693574,293585.572742141,205861.701342282,251775,169250,2771.54921562804,2932.00655293398,2544.45760233918,2725.46296296296
"56",2021,2183844711.11,6141,1115,1961911127.96,221933583.15,319477.467506921,199043.572331839,277000,164500,2926.52587065008,3103.85924076541,2711.86440677966,2916.66666666667
"56",2022,2493220418.05,5988,2783,1970386253.76,522834164.29,329055.820601202,187867.108979518,286097.5,165000,3083.94736719689,3329.93440955012,2891.56626506024,3237.20930232558
"58",2019,209439498.18,1878,145,193044756.49,16394741.69,102792.735085197,113067.184068966,90000,99000,1075.2015079159,1098.71226400883,975.154320987654,1018.8679245283
"58",2020,249315040.44,2080,208,226165680.44,23149360,108733.500211538,111295,92050,92000,1093.19571944767,1044.94533267083,1000,958.710407239819
"58",2021,328083759.01,2714,306,296513887.31,31569871.7,109253.458846721,103169.515359477,95000,82250,1122.6592047331,1072.34002885054,1032.03812316716,1000
"58",2022,357082403.89,2742,493,312059014.53,45023389.36,113807.080426696,91325.3333874239,99000,70000,1150.69737631956,1082.7651994977,1071.42857142857,1000
"59",2019,4317348228.03,19960,1615,4004343598.55,313004629.48,200618.416761022,193810.916086687,169000,164000,1951.0720864462,2380.74174734508,1806.04629911666,2206.25
"59",2020,4599196112.32,20389,1974,4214841675.94,384354436.38,206721.35347197,194708.42775076,175000,161000,2015.67534530864,2448.55637983356,1863.63636363636,2267.13615023474
"59",2021,5802453237.62,24084,3023,5204792637.42,597660600.2,216109.97498007,197704.465828647,181919,165000,2095.19524849954,2602.07128112469,1935.10003510004,2500
"59",2022,6466329165.39,23371,6855,5190260940.95,1276068224.44,222081.252019597,186151.45506054,189000,161000,2179.7950383839,2714.6554970489,2023.80952380952,2666.66666666667
"60",2019,1615442945.87,7528,457,1535489161.87,79953784,203970.398760627,174953.575492341,185000,143000,1947.27293875934,2257.70029817698,1893.93939393939,2115.38461538462
"60",2020,1802016575.13,7884,613,1698065261.6,103951313.53,215381.184880771,169577.999233279,194000,135000,1992.06131516715,2192.79856369549,1937.5,2034.88372093023
"60",2021,2248880666.35,9159,967,2098114640.4,150766025.95,229076.825024566,155911.091985522,205000,130000,2094.60739756007,2372.42758239115,2039.47368421053,2260.41666666667
"60",2022,2337455002.81,8382,2198,1996525539.06,340929463.75,238192.023271296,155108.946201092,215000,130000,2200.85607306529,2451.18869207634,2166.05833333333,2390.96467391304
"61",2019,299213528.82,2250,145,282078030.82,17135498,125368.013697778,118175.848275862,113431,1e+05,1168.96809187416,1224.23872325746,1090.90909090909,1093.75
"61",2020,378787411.74,2684,170,357878041.74,20909370,133337.571438152,122996.294117647,120000,1e+05,1178.10780816151,1226.5230840022,1090.39836567926,1061.74603174603
"61",2021,504436138.12,3444,250,478190278.61,26245859.51,138847.351512776,104983.43804,124000,85750,1221.12316485791,1225.39559742871,1137.85569105691,1113.48674521355
"61",2022,520853042.26,3302,415,481098913.68,39754128.58,145699.247026045,95793.0809156626,130000,75000,1280.52673611364,1398.94495539696,1200,1339.28571428571
"62",2019,2190154929.13,13789,752,2083351138.25,106803790.88,151087.906175212,142026.317659574,137000,129200,1394.92603045225,1510.19729453162,1348,1426.66666666667
"62",2020,2374619503.1,14417,917,2241579225.5,133040277.6,155481.669244642,145082.091166848,140000,126000,1439.78679808165,1604.05267237152,1396.36363636364,1458.53658536585
"62",2021,2896275247.52,16541,1374,2699497904.08,196777343.44,163200.405300768,143214.951557496,148000,125125,1505.24871834934,1733.24020771616,1457.54716981132,1635.90909090909
"62",2022,3015741312.25,15869,2235,2727657094.01,288084218.24,171885.884051295,128896.741941834,155000,113000,1587.97057512401,1845.17159159915,1545.9595959596,1781.25
"63",2019,758506869.45,3221,612,650741260.04,107765609.41,202030.816529028,176087.597075163,185000,135950,2022.65896887641,2046.87919703928,1946.91176470588,1930.86904761905
"63",2020,796172568.26,3282,737,675188622.62,120983945.64,205724.747903717,164157.321085482,190000,133920,2057.49480934583,2123.26699669823,1967.23034274194,1982.60869565217
"63",2021,1036494562.14,3977,1175,842837907.34,193656654.8,211928.063198391,164814.174297872,195000,138700,2111.23363813518,2186.17821124806,2032.96703296703,2106.06060606061
"63",2022,1206508479.37,3695,2659,817859046.52,388649432.85,221342.096487145,146163.758123355,202000,128000,2189.26076517344,2284.47079925789,2094.11764705882,2200
"64",2019,754718695.33,1106,570,570498725.87,184219969.46,515821.632793852,323192.928877193,420000,266000,4039.57153354866,4341.43047034183,3712.26287262873,4029.11604524508
"64",2020,859486390.78,1201,747,624523712.74,234962678.04,520003.091373855,314541.737670683,410000,262000,3955.15698503447,4461.62341456387,3607.14285714286,4157.60869565217
"64",2021,1366923801.77,1579,1447,895899255.71,471024546.06,567383.949151362,325518.000041465,440000,266670,4083.412914095,4541.72889603868,3769.23076923077,4281.25
"64",2022,1762545710.76,1684,2978,909872321.07,852673389.69,540304.228663896,286324.173838146,419645,243625,4038.89085505352,4629.21686775566,3541.66666666667,4486.06811145511
"65",2019,342719441.26,1941,333,299203570.07,43515871.19,154149.186022669,130678.291861862,145350,110000,1409.31053035862,1432.49337930827,1334.52380952381,1304.34782608696
"65",2020,379360997.96,2012,454,321356847.69,58004150.27,159720.103225646,127762.445528634,149772.5,115000,1468.57767863036,1460.95356583199,1406.65277777778,1274.75490196078
"65",2021,530353561.51,2503,735,432076964.51,98276597,172623.637439073,133709.655782313,159000,103985,1510.42996335113,1581.315070447,1472.22222222222,1394.93670886076
"65",2022,580982538.05,2338,1469,423688328.87,157294209.18,181218.275821215,107075.704002723,166000,85384.98,1614.01114716351,1671.71300229708,1543.20987654321,1488.88888888889
"66",2019,1120129901.54,4839,1011,967904357.38,152225544.16,200021.565897913,150569.282057369,185000,125700,1973.61861512694,1775.25421651078,1937.11111111111,1581.19658119658
"66",2020,1243667245.84,5104,1229,1063848856.46,179818389.38,208434.337080721,146312.765972335,192000,128000,2062.30280569354,1856.88986531165,2029.30442249893,1629.03225806452
"66",2021,1700698518.91,6308,2016,1420700481.2,279998037.71,225222.016677235,138887.915530754,206000,119750,2179.91674114808,1910.23700746003,2147.34191176471,1692.92803970223
"66",2022,1834092309.49,5502,4039,1319237455.02,514854854.47,239774.164852781,127470.872609557,218575,105000,2399.57332499797,2184.26465155288,2360.72766185126,2000
"69",2019,3021779921.11,6239,1984,2413808976.49,607970944.62,386890.363277769,306436.968054436,340000,233300,3135.74667038784,3721.43612964834,2996.57534246575,3500
"69",2020,3387696631.29,6180,2556,2597057105.35,790639525.94,420235.777564725,309326.888082942,368000,241925,3302.76271209154,3976.76374802712,3168.48870056497,3828.42712842713
"69",2021,4911842672.04,7194,5300,3263659238.29,1648183433.75,453664.058700306,310978.006367925,395220,257355.5,3578.99699533597,4222.98986381716,3439.60431654676,4166.66666666667
"69",2022,7548099775.8,6725,14705,3242869866.56,4305229909.24,482211.132573978,292773.200220333,420000,250000,3832.74276673783,4284.2723846948,3777.77777777778,4236.92307692308
"70",2019,221035559.34,1453,173,199034532.69,22001026.65,136981.784370268,127173.564450867,129800,110500,1216.44998923122,1123.02627341536,1133.33333333333,1014.49275362319
"70",2020,237946199.16,1521,181,215786646.66,22159552.5,141871.562564103,122428.466850829,133000,106250,1222.02473025627,1073.33338024393,1133.55263157895,1018.18181818182
"70",2021,308034215.33,1900,301,274329518.33,33704697,144383.957015789,111975.737541528,135000,90000,1248.30981323159,1101.43351955067,1158.26829268293,1022.47191011236
"70",2022,352102118.71,1992,465,301782700.71,50319418,151497.339713855,108213.802150538,139645,87000,1300.23270079118,1148.44255450743,1200.49019607843,1086.95652173913
"71",2019,640413894.09,3856,459,578969484.27,61444409.82,150147.687829357,133865.816601307,136175,119500,1364.44924872223,1289.20337854559,1269.53601953602,1176.47058823529
"71",2020,760181446,4396,551,684219564.75,75961881.25,155645.942845769,137861.853448276,140325,118000,1382.34762725842,1324.40500443713,1277.91505167959,1220.93023255814
"71",2021,1028613133.1,5474,933,903018600.97,125594532.13,164965.034886737,134613.646441586,147000,110000,1441.91006498136,1362.38718350488,1336.78646934461,1261.90476190476
"71",2022,1099981683.87,5132,1731,885111532.28,214870151.59,172469.121644583,124130.647943385,153775,102000,1520.46228930291,1447.76124573239,1416.02564102564,1370.79646017699
"72",2019,727191867.84,4534,200,695828323.84,31363544,153468.973056903,156817.72,140000,140430,1484.06337345478,1611.86368564943,1415.47619047619,1545.62211981567
"72",2020,801715955.94,4827,247,767192389.94,34523566,158937.723211104,139771.522267206,144000,120000,1522.91108341003,1682.66390101233,1443.39622641509,1619.04761904762
"72",2021,1094626505.55,6148,420,1035518839.57,59107665.98,168431.821660703,140732.538047619,150000,107000,1566.12357196104,1754.09736124466,1486.48648648649,1702.27272727273
"72",2022,1211625285.68,6052,1308,1055898317.85,155726967.83,174470.971224389,119057.31485474,158000,1e+05,1641.65374992811,1860.53785391172,1571.42857142857,1815.63059033989
"73",2019,748892957.46,1875,749,565251827.18,183641130.28,301467.641162667,245181.749372497,269000,192500,2844.84914437792,3006.82032656995,2602.04081632653,2634.93150684932
"73",2020,831052234.72,1953,904,618731298.56,212320936.16,316810.700747568,234868.292212389,280000,196615,2959.38590041166,3051.23014583486,2700,2729.03618421053
"73",2021,1219112259.24,2438,1741,820874248.59,398238010.65,336699.855861362,228740.959592188,299562.5,194700,3154.35285609355,3285.60195160874,2915.31007751938,3080
"73",2022,1827176341.25,2491,4380,900724467.74,926451873.51,361591.5165556,211518.692582192,321750,178850,3366.01739819042,3627.18711673016,3147.17741935484,3441.92627960275
"74",2019,2268772556.99,4267,1489,1823533622.3,445238934.69,427357.305437075,299018.760705171,380000,250000,3585.74858135602,3508.67707479147,3437.5,3248.05882352941
"74",2020,2534285194.95,4369,1944,1945831610.51,588453584.44,445372.307280842,302702.461131687,396000,244888,3727.23044925762,3593.01085669873,3577.58620689655,3315.19607843137
"74",2021,3563581151.87,5159,3540,2492525750.49,1071055401.38,483141.258090715,302558.022988701,425000,250000,3965.19148884504,3996.29672332029,3847.78761061947,3721.07240437158
"74",2022,4894155409.04,4753,9065,2388052180.96,2506103228.08,502430.503042289,276459.263991175,450000,239050,4247.56372463399,4244.60325734493,4158.4375,4084.50704225352
"75",2019,2789382203.12,98,3469,192359732,2597022471.12,1962854.40816327,748637.207010666,1471250,521850,12279.1544759237,10891.4026540709,12267.1840354767,10739.1304347826
"75",2020,3554231753.25,86,4694,162581659.4,3391650093.85,1890484.41162791,722550.083904985,1502005,525000,12445.4896014606,11439.9620646652,12463.4146341463,11341.8428184282
"75",2021,7145543118.64,107,10233,211706285.1,6933836833.54,1978563.41214953,677595.703463305,1616000,499420,13379.6362641523,11280.0862867316,13926.8292682927,11179.3103448276
"75",2022,18733349073.47,119,30049,223572117.27,18509776956.2,1878757.28798319,615986.453998469,1542150,459500,13351.7270775287,10947.4779760144,13596.6949152542,10800
"76",2019,2009518588.29,9777,1098,1822381135.7,187137452.59,186394.715730797,170434.838424408,166500,137000,1743.33045268241,2024.6419736968,1666.66666666667,1919.09090909091
"76",2020,2190868907.2,10134,1301,1968598940.58,222269966.62,194256.852238011,170845.477801691,172500,138100,1782.58932628418,2121.08378531997,1703.5002035002,2050
"76",2021,2791126685.25,11884,2259,2433647518.26,357479166.99,204783.534017166,158246.643200531,181700,128000,1873.53714393475,2260.59472950175,1806.3922356091,2216.21621621622
"76",2022,3243541385.79,11426,5441,2449100979.81,794440405.98,214344.563260109,146009.999261165,190000,121000,1964.68937708217,2347.81202964312,1900,2302.63157894737
"77",2019,3061041858.73,10257,926,2876590819.43,184451039.3,280451.478934386,199191.187149028,264750,163000,2515.78607680667,2811.38669971246,2463.76811594203,2728.17164179104
"77",2020,3296149281.88,10416,1223,3050979823.61,245169458.27,292912.809486367,200465.624096484,273992,162000,2584.74094897562,2917.15766060137,2500,2830
"77",2021,4313430650.24,12517,2265,3870773455.95,442657194.29,309241.308296716,195433.639863135,290000,169000,2709.82044942859,3142.7499477443,2638.55421686747,3105.5900621118
"77",2022,5022832520.6,11712,6213,3818990235.11,1203842285.49,326074.985921277,193761.835746016,305000,179000,2869.95094326875,3412.81297884497,2839.29890247291,3413.79310344828
"78",2019,3828396132.02,7675,997,3466099108.43,362297023.59,451609.0043557,363387.185145436,365000,253550,3686.06812848157,4706.92461997602,3362.06896551724,4512.19512195122
"78",2020,3982953436.25,7702,1296,3576614997.18,406338439.07,464374.837338354,313532.746195988,373275,235000,3738.16981836893,4595.27481067632,3420.44367116137,4349.07692307692
"78",2021,5254622031.65,8947,2429,4471449194.98,783172836.67,499770.782941768,322426.034034582,402500,240000,3921.20244496733,4828.40411473783,3586.66666666667,4541.66666666667
"78",2022,6442331032.71,8486,7455,4267090661.06,2175240371.65,502838.871206693,291782.74602951,414000,235000,4088.17252022742,4602.49829071082,3812.99680851064,4321.875
"79",2019,500666673,3448,117,484884601,15782072,140627.784512761,134889.504273504,130000,127500,1313.09716061951,1340.11144239549,1248.08128379557,1184.21052631579
"79",2020,583600525.96,3800,175,557705892.52,25894633.44,146764.708557895,147969.333942857,135000,125000,1344.17157446809,1554.86850101022,1253.18181818182,1403.61445783133
"79",2021,812693924.86,5107,276,776030697.67,36663227.19,151954.317147053,132837.779673913,137000,116000,1387.35351206957,1579.1660659297,1291.66666666667,1518.82352941176
"79",2022,851403027.43,4955,440,800239732.54,51163294.89,161501.459644803,116280.215659091,145300,99995,1478.30416176542,1727.1367367481,1391.30434782609,1713.25796505653
"80",2019,717578341.55,4319,325,663984514.55,53593827,153735.706077796,164904.083076923,139200,140000,1647.04298817464,2109.79681357683,1528.57142857143,2058.82352941176
"80",2020,819300476.71,4681,377,760007622.18,59292854.53,162360.098735313,157275.476206897,144100,135000,1700.77771417738,2223.48949947919,1554.05405405405,2212.12121212121
"80",2021,1069423794.16,5806,625,970594806.16,98828988,167170.996582845,158126.3808,150000,126000,1719.75014303071,2328.4619565811,1588.78504672897,2307.69230769231
"80",2022,1156613733.02,5612,1260,977571775.52,179041957.5,174193.117519601,142096.791666667,155000,123500,1820.5595300195,2467.47217728145,1687.5,2500
"81",2019,595633698.03,3194,262,554977612.23,40656085.8,173756.296878522,155175.9,159000,135000,1412.8040083246,1501.32126322501,1283.86720053387,1350
"81",2020,666399214.99,3466,309,617846732.52,48552482.47,178259.299630698,157127.774983819,164075,127500,1461.09175798603,1516.17288473265,1343.75,1400
"81",2021,910001943.64,4383,496,834144716.12,75857227.52,190313.647300935,152937.958709677,172000,130000,1545.33570232287,1647.62883352086,1413.63636363636,1551.9014907573
"81",2022,992669919.35,4299,894,865809024.56,126860894.79,201397.772635497,141902.566879195,180000,115347.82,1620.5147175299,1866.96260128336,1494.25287356322,1807.08479532164
"82",2019,415178140.88,2160,184,386199649.88,28978491,178796.134203704,157491.798913043,165000,130000,1449.14147107915,1515.44255326908,1364.15015641293,1383.66432681243
"82",2020,477871545.21,2361,214,440206673.01,37664872.2,186449.247357052,176004.075700935,176930,136600,1516.70964497912,1549.38942257915,1445.45454545455,1481.48148148148
"82",2021,634745110,2939,353,582159857.84,52585252.16,198080.931554951,148966.72,185000,130000,1570.28418185708,1560.66398173649,1486.06722222222,1492.75362318841
"82",2022,723968250.72,2976,670,630553234.11,93415016.61,211879.446945565,139425.397925373,196978.5,117000,1677.65930397707,1725.59206599998,1589.28571428571,1703.33655705996
"83",2019,3015577973.7,5577,1665,2575117952.5,440460021.2,461738.919221804,264540.553273273,347000,203000,3589.3805345931,3492.25086807741,3356.09756097561,3088.88888888889
"83",2020,3505341983.97,6191,2079,2963647881.76,541694102.21,478702.613755451,260555.123718134,360000,205000,3650.59227215121,3568.94357128537,3402.0618556701,3166.66666666667
"83",2021,5215917695.79,8129,3897,4250032574.49,965885121.3,522823.542193382,247853.508160123,399500,2e+05,3794.37011431938,3703.96409501626,3548.38709677419,3392.85714285714
"83",2022,7308444070.64,8516,10930,4756490404.89,2551953665.75,558535.74505519,233481.579666057,417000,191550,3974.60463479788,3991.10974498937,3734.7426067908,3714.28571428571
"84",2019,1413243187.88,4784,823,1263462477.68,149780710.2,264101.688478261,181993.57253949,225000,149500,2212.90686296171,2136.28630633726,2146.44522144522,1975.30864197531
"84",2020,1568829262.44,4697,1034,1387099068.61,181730193.83,295315.960955929,175754.539487427,247550,144300,2386.19165133762,2140.00254122012,2312.5,1977.77960526316
"84",2021,2082381477.98,5845,1439,1831323203.11,251058274.87,313314.491550043,174467.181980542,260000,142000,2509.52736172356,2236.4719941329,2437.87878787879,2142.85714285714
"84",2022,2292238580.14,5653,2778,1832763104.79,459475475.35,324210.703129312,165397.939290857,270000,133040,2674.21131674833,2325.1355359426,2625,2207.79220779221
"85",2019,1547396320.07,7327,321,1494119383.35,53276936.72,203919.664712706,165971.765482866,180000,144340,2205.21773446583,2677.82848912357,2013.48314606742,2500
"85",2020,1731392945.15,7652,383,1668879341.61,62513603.54,218097.14344093,163220.896971279,192000,137000,2280.53222523376,2657.88640186745,2077.12133227597,2500
"85",2021,2314569105.61,9267,719,2188861401.56,125707704.05,236199.56852919,174836.862378303,211000,149900,2403.62484836189,2925.12553856235,2232.14285714286,2843.39622641509
"85",2022,2566361550.15,9150,1638,2309329008.02,257032542.13,252385.683936612,156918.523888889,226829.83,138600,2560.51073346827,3130.19718833641,2384.61538461538,3038.58998144712
"86",2019,515614416.72,3039,265,472776568.55,42837848.17,155569.782346166,161652.257245283,145000,125000,1486.56779892445,1826.50749127849,1420.88607594937,1741.80327868852
"86",2020,576812582.52,3302,276,536291528.52,40521054,162414.15158086,146815.413043478,150000,123875,1519.4258556572,1880.28664893306,1445.499549955,1857.77496839444
"86",2021,761507874.19,4025,511,688616367.15,72891507.04,171084.811714286,142644.827866928,154000,111500,1567.25914889488,2045.6178667005,1485,2059.52380952381
"86",2022,873025882.34,4216,1043,740093108.09,132932774.25,175543.906093454,127452.32430489,156000,110000,1607.16466414315,2107.94079894459,1500,2130.4347826087
"87",2019,356147434.63,2032,313,310207193.88,45940240.75,152661.020610236,146773.932108626,140275,129900,1465.66743582858,1521.08682429099,1389.23611111111,1416.66666666667
"87",2020,412140029.55,2304,330,363112128.36,49027901.19,157600.75015625,148569.397545455,145000,130000,1499.20839855677,1548.2620386707,1396.9247311828,1456.02991944764
"87",2021,574699329.37,2925,597,485444475.94,89254853.43,165963.923398291,149505.617135678,154000,127000,1540.76611770725,1694.87549741238,1437.5,1622.22222222222
"87",2022,721920649.24,3170,1396,553658007.2,168262642.04,174655.522776025,120531.978538682,160000,99000,1620.63986741033,1747.54282652791,1500.7735300693,1708.5970464135
"88",2019,370249493.57,2199,457,312587678.07,57661815.5,142149.921814461,126174.650984683,130000,108250,1241.48805208481,1201.45063813641,1147.82608695652,1065.55555555556
"88",2020,415267140.65,2328,543,347480872.99,67786267.66,149261.543380584,124836.588692449,137650,111400,1272.5453461678,1225.86443091734,1190.3380952381,1096.77419354839
"88",2021,569730936.52,2847,956,449919562.6,119811373.92,158032.863575694,125325.704937238,144000,107250,1324.40563420584,1258.27704139904,1226.31578947368,1160.4347826087
"88",2022,635370717.82,2803,1390,471713382.48,163657335.34,168288.755790225,117739.090172662,155000,99875,1389.86352653421,1344.79666118462,1293.38842975207,1222.22222222222
"89",2019,462015526.11,3308,252,429909874.65,32105651.46,129960.663437122,127403.378809524,120000,107875,1268.79336733047,1260.32728815439,1203.7037037037,1167.5
"89",2020,543074703.28,3729,322,502251593.28,40823110,134688.011069992,126779.844720497,125000,102525,1293.03131639979,1326.69327886509,1225.8064516129,1245.68965517241
"89",2021,753739363.37,4799,510,691218794.05,62520569.32,144033.92249427,122589.351607843,130000,92000,1351.3041352086,1410.34483292067,1270,1353.2196969697
"89",2022,703988107.6,4215,810,613976061.44,90012046.16,145664.546011862,111125.98291358,132000,89000,1405.39131716595,1489.58135219092,1333.33333333333,1434.47196516059
"90",2019,161924781.6,731,278,126616731.6,35308050,173210.303146375,127007.374100719,165000,115000,1457.14762013873,1206.45812855691,1466.66666666667,1116.99255121043
"90",2020,169327403.49,716,339,130858227.99,38469175.5,182762.88825419,113478.39380531,175000,1e+05,1539.40704808389,1241.13493913761,1531.84759513232,1185.48387096774
"90",2021,226426082.66,861,553,161341167.11,65084915.55,187388.115110337,117694.241500904,176900,95000,1573.19221348947,1293.00244080571,1612.90322580645,1235.29411764706
"90",2022,276770884.75,855,932,169330453.17,107440431.58,198047.313649123,115279.433025751,186200,100985,1649.58679121418,1341.9731086527,1671.64179104478,1324.69545957918
"91",2019,2749661230.01,7942,928,2548136606.85,201524623.16,320843.188976328,217160.154267241,3e+05,168000,3108.17251572866,2990.22126445636,3068.09090909091,2842.60317290553
"91",2020,2749070456.72,7579,1113,2530138459.37,218931997.35,333835.395087742,196704.400134771,313900,161500,3194.83034952098,3076.58029523819,3174.05063291139,3015.625
"91",2021,3560763151.73,8984,1945,3185539577.85,375223573.88,354579.20501447,192917.004565553,331441.5,162500,3372.92937773407,3276.84683661827,3367.92452830189,3227.27272727273
"91",2022,4257161876.77,8541,5857,3134632560.03,1122529316.74,367010.017565859,191656.021297593,342000,173000,3511.90465531865,3360.32654336724,3515.38461538462,3307.69230769231
"92",2019,2936396514.99,2578,1605,2180781982.42,755614532.57,845920.086276183,470787.870760125,749500,341450,7445.37966592107,6930.88125662147,7301.22699386503,6578.94736842105
"92",2020,3074345852.34,2207,2269,2013617412.3,1060728440.04,912377.622247395,467487.192613486,810000,360000,7709.29224918602,7238.58127945889,7513.75,7083.33333333333
"92",2021,4805004540.12,2686,4809,2580099627.42,2224904912.7,960573.204549516,462654.379850281,840000,365000,7977.14365543737,7516.73173438172,7864.76480836237,7361.50684931507
"92",2022,9434336926.58,2675,15331,2517891525.61,6916445400.97,941267.860041121,451141.178068619,833357,375000,8172.26210642349,7448.6705777232,8113.62068965517,7277.77777777778
"93",2019,1915296300.23,4712,1319,1579861278.63,335435021.6,335284.651661715,254310.099772555,3e+05,181400,3846.73988956499,3970.12674797158,3611.11111111111,3571.42857142857
"93",2020,1785675706.08,4010,1524,1394566707.97,391108998.11,347772.246376559,256633.20085958,312000,195000,4035.14352381894,4276.93150206598,3811.82294700058,3920.52631578947
"93",2021,2561678916.75,5021,2936,1831022099.04,730656817.71,364672.794072894,248861.313933924,330000,195000,4260.70404690852,4581.73597416848,4011.74496644295,4232.34388458226
"93",2022,4013603693.29,5020,8776,1886634638.3,2126969054.99,375823.63312749,242362.0162933,340947.45,205000,4363.91737003953,4570.8876730042,4120.89947089947,4285.71428571429
"94",2019,2393946548.69,3926,1425,1893743629.47,500202919.22,482359.559212939,351019.592435088,424650,267000,4946.39773781432,5416.01369103664,4525.27372262774,5064.10256410256
"94",2020,2460284626.07,3572,1755,1861206827.71,599077798.36,521054.543031915,341354.870860399,455000,274000,5266.81360456438,5698.5709065792,4889.49938949939,5416.66666666667
"94",2021,3448136581.69,4237,3278,2344566109.82,1103570471.87,553355.230073165,336659.692455766,480300,269000,5487.53993444619,5887.47004422222,5098.03921568627,5666.66666666667
"94",2022,5563069474.14,4047,10151,2333897041.54,3229172432.6,576698.058201137,318113.725997439,504800,261000,5751.95027454668,5664.23803794451,5411.76470588235,5428.57142857143
"95",2019,2568377054.3,7174,739,2397405526.53,170971527.77,334179.750004182,231355.247320704,310000,188000,3323.10872964198,3233.00861945819,3270.5518018018,3125
"95",2020,2486153292.29,6640,928,2290787983.29,195365309,344998.190254518,210522.962284483,324300,172800,3468.52219387195,3440.64090871208,3411.76470588235,3333.33333333333
"95",2021,3197306343.47,7700,1697,2831039832.94,366266510.53,367667.510771429,215831.76813789,340725,181000,3656.32678674168,3531.55455124795,3608.2681069446,3475.40983606557
"95",2022,3933340047.3,7461,5423,2822307689.69,1111032357.61,378274.720505294,204874.120894339,350000,187500,3803.91158692763,3574.97372419846,3765.43209876543,3543.68932038835
